./00000001_000.png 10
Atelectasis 411.8 512.5 219.0 139.1
Atelectasis 532.0 308.0 216.0 136.0
Cardiomegaly 348.5 392.3 479.8 381.1
Cardiomegaly 396.0 320.0 476.0 380.0
Mass 434.3 366.7 168.7 189.8
Mass 548.0 540.0 168.0 188.0
Nodule 502.4 458.7 71.9 70.4
Nodule 216.0 476.0 68.0 68.0
Pneumonia 378.7 416.7 276.5 304.5
Pneumonia 500.0 360.0 276.0 304.0
./00000001_001.png 6
Atelectasis 411.8 512.5 219.0 139.1
Atelectasis 404.0 316.0 216.0 136.0
Cardiomegaly 348.5 392.3 479.8 381.1
Cardiomegaly 396.0 444.0 476.0 380.0
Pneumonia 378.7 416.7 276.5 304.5
Pneumonia 372.0 612.0 276.0 304.0
./00000001_002.png 10
Atelectasis 411.8 512.5 219.0 139.1
Atelectasis 532.0 436.0 216.0 136.0
Cardiomegaly 348.5 392.3 479.8 381.1
Cardiomegaly 396.0 444.0 476.0 380.0
Effusion 396.5 415.8 221.6 318.0
Effusion 400.0 352.0 220.0 316.0
Mass 434.3 366.7 168.7 189.8
Mass 64.0 672.0 168.0 188.0
Pneumonia 378.7 416.7 276.5 304.5
Pneumonia 368.0 616.0 276.0 304.0
./00000002_000.png 12
Atelectasis 411.8 512.5 219.0 139.1
Atelectasis 400.0 316.0 216.0 136.0
Cardiomegaly 348.5 392.3 479.8 381.1
Cardiomegaly 272.0 320.0 476.0 380.0
Mass 434.3 366.7 168.7 189.8
Mass 556.0 540.0 168.0 188.0
Nodule 502.4 458.7 71.9 70.4
Nodule 220.0 476.0 68.0 68.0
Pneumonia 378.7 416.7 276.5 304.5
Pneumonia 372.0 488.0 276.0 304.0
Pneumothorax 369.3 209.4 198.9 246.0
Pneumothorax 668.0 808.0 196.0 152.0
./00000003_000.png 10
Atelectasis 411.8 512.5 219.0 139.1
Atelectasis 276.0 308.0 216.0 136.0
Mass 434.3 366.7 168.7 189.8
Mass 428.0 416.0 168.0 188.0
Nodule 502.4 458.7 71.9 70.4
Nodule 220.0 472.0 68.0 68.0
Pneumonia 378.7 416.7 276.5 304.5
Pneumonia 112.0 616.0 276.0 304.0
Pneumothorax 369.3 209.4 198.9 246.0
Pneumothorax 668.0 256.0 196.0 244.0
./00000003_001.png 14
Atelectasis 411.8 512.5 219.0 139.1
Atelectasis 276.0 312.0 216.0 136.0
Atelectasis 524.0 308.0 216.0 136.0
Atelectasis 812.0 856.0 148.0 104.0
Cardiomegaly 348.5 392.3 479.8 381.1
Cardiomegaly 676.0 724.0 284.0 236.0
Mass 434.3 366.7 168.7 189.8
Mass 428.0 544.0 168.0 188.0
Nodule 502.4 458.7 71.9 70.4
Nodule 476.0 604.0 68.0 68.0
Pneumonia 378.7 416.7 276.5 304.5
Pneumonia 240.0 616.0 276.0 304.0
Pneumothorax 369.3 209.4 198.9 246.0
Pneumothorax 412.0 640.0 196.0 244.0
./00000003_002.png 14
Atelectasis 411.8 512.5 219.0 139.1
Atelectasis 652.0 316.0 216.0 136.0
Cardiomegaly 348.5 392.3 479.8 381.1
Cardiomegaly 680.0 192.0 280.0 380.0
Effusion 396.5 415.8 221.6 318.0
Effusion 656.0 604.0 220.0 316.0
Mass 434.3 366.7 168.7 189.8
Mass 676.0 288.0 168.0 188.0
Nodule 502.4 458.7 71.9 70.4
Nodule 600.0 216.0 68.0 68.0
Pneumonia 378.7 416.7 276.5 304.5
Pneumonia 64.0 612.0 276.0 304.0
Pneumothorax 369.3 209.4 198.9 246.0
Pneumothorax 408.0 644.0 196.0 244.0
./00000003_004.png 13
Atelectasis 411.8 512.5 219.0 139.1
Atelectasis 400.0 436.0 216.0 136.0
Cardiomegaly 348.5 392.3 479.8 381.1
Cardiomegaly 64.0 576.0 476.0 380.0
Mass 434.3 366.7 168.7 189.8
Mass 548.0 416.0 168.0 188.0
Nodule 502.4 458.7 71.9 70.4
Nodule 344.0 220.0 68.0 68.0
Nodule 728.0 472.0 68.0 68.0
Pneumonia 378.7 416.7 276.5 304.5
Pneumonia 780.0 616.0 180.0 304.0
Pneumothorax 369.3 209.4 198.9 246.0
Pneumothorax 816.0 792.0 144.0 168.0
./00000003_005.png 11
Atelectasis 411.8 512.5 219.0 139.1
Atelectasis 276.0 316.0 216.0 136.0
Mass 434.3 366.7 168.7 189.8
Mass 428.0 416.0 168.0 188.0
Nodule 502.4 458.7 71.9 70.4
Nodule 348.0 220.0 68.0 68.0
Nodule 728.0 344.0 68.0 68.0
Pneumonia 378.7 416.7 276.5 304.5
Pneumonia 64.0 616.0 276.0 304.0
Pneumothorax 369.3 209.4 198.9 246.0
Pneumothorax 668.0 256.0 196.0 244.0
./00000003_006.png 15
Atelectasis 411.8 512.5 219.0 139.1
Atelectasis 276.0 308.0 216.0 136.0
Cardiomegaly 348.5 392.3 479.8 381.1
Cardiomegaly 64.0 444.0 476.0 380.0
Cardiomegaly 268.0 576.0 476.0 380.0
Infiltration 394.5 389.1 294.0 297.4
Infiltration 104.0 64.0 292.0 296.0
Mass 434.3 366.7 168.7 189.8
Mass 428.0 416.0 168.0 188.0
Nodule 502.4 458.7 71.9 70.4
Nodule 604.0 344.0 68.0 68.0
Pneumonia 378.7 416.7 276.5 304.5
Pneumonia 624.0 488.0 276.0 304.0
Pneumothorax 369.3 209.4 198.9 246.0
Pneumothorax 668.0 256.0 196.0 244.0
